# texture definition:
# t textureID width height filename
t 0 256 256 brick.bmp
t 1 256 256 soup.bmp
# building definition:
# b blockid height mat_shiny (mat_emission) (mat_amb) (mat_diffuse) (mat_specular) 
# OR 
# b blockid height [textureID]
# b 2 10   5 (.0 .0 .0 1) (0 0 0.3 1) (0.5 0.5 0.5 1) (0.8 0.8 0.8 1) 
b 2 10 [0] 1 (.0 .0 .0 1) (0 0 0.2 1) (0.5 0.5 0.5 1) (0.8 0.8 0.8 1) 
b 3  5 10 (.1 .1 .1 1) (0 0.2 0 1) (0.5 0.5 0.5 1) (0.9 0.9 0.9 1) 
b 5  7  47 (.2 .2 .2 1) (0 0.2 0.2 1) (0.5 0.5 0.5 1) (0.9 0.9 0.9 1) 
b 6 13  20 (.2 .2 .2 1) (0.2 0 0 1) (0.5 0.5 0.5 1) (0.9 0.9 0.9 1) 
# b 8 22  70 (.2 .2 .2 1) (0.2 0 0.2 1) (0.5 0.5 0.5 1) (0.9 0.9 0.9 1) 
b 8 22 [1] 7 (.2 .2 .2 1) (1.0 1.0 1.0 1) (0.5 0.5 0.5 1) (0.9 0.9 0.9 1) 
b 13 4   1 (.2 .2 .2 1) (0.2 0.2 0 1) (0.5 0.5 0.5 1) (0.9 0.9 0.9 1) 
b 15 2  10 (.2 .2 .2 1) (0.2 0.2 0.2 1) (0.5 0.5 0.5 1) (0.9 0.9 0.9 1) 
# light definitions:
# l (amb) (diffuse) (specular) (pos) [(dir) angle]
l (1 1 1 1) (0.4 0.4 0.4 1) (0.5 0.5 0.5 1) (0 0 0) [(0 0 1) 25]  
